#SLINE  RLINE  SOU_X  SOU_Y  REC_X  REC_Y  OFFSET  SR_AZIM  REC_ELEV  SOURCE  NODE  SRF_SLOC  FB_PICK  FB_SMTH  EVENT
25130019 366202 287352.90000 7440843.90000 292290.70000 7441253.00000 4954.71812 85.26382 100.00000 2585 1 3050 2203.65039 2203.65039 add
25130019 366202 287352.90000 7440843.90000 292278.40000 7441274.70000 4944.30368 85.00145 100.00000 2585 2 3044 81.24994 92.33978 add
25130019 366202 287352.90000 7440843.90000 292266.30000 7441296.50000 4934.20169 84.73703 100.00000 2585 3 3038 92.33978 92.33978 add
25130019 366202 287352.90000 7440843.90000 292254.30000 7441318.60000 4924.33367 84.46816 100.00000 2585 4 3032 184.71098 139.11723 add
25130019 366202 287352.90000 7440843.90000 292241.90000 7441340.40000 4914.14624 84.20124 100.00000 2585 5 3026 139.11723 139.11723 add
25130019 366202 287352.90000 7440843.90000 292228.90000 7441362.00000 4903.44813 83.93479 100.00000 2585 6 3020 127.64838 139.11723 add
25130019 366202 287352.90000 7440843.90000 292215.59000 7441382.90000 4892.47126 83.67493 100.00000 2585 7 3014 139.18362 128.12895 add
25130019 366202 287352.90000 7440843.90000 292202.00000 7441404.10000 4881.35174 83.41003 100.00000 2585 8 3008 128.12895 134.33978 add
25130019 366202 287352.90000 7440843.90000 292188.30000 7441425.20000 4870.21589 83.14494 100.00000 2585 9 3002 134.33978 134.33978 add
25130019 366202 287352.90000 7440843.90000 292175.70000 7441446.70000 4860.32588 82.87557 100.00000 2585 10 2996 194.76566 192.75394 add
25130019 366202 287352.90000 7440843.90000 292162.59000 7441468.30000 4850.05085 82.60316 100.00000 2585 11 2990 192.75394 194.76566 add
25130019 366202 287352.90000 7440843.90000 292150.20000 7441490.10000 4840.62617 82.32839 100.00000 2585 12 2984 2168.76172 2163.77271 add
25130019 366202 287352.90000 7440843.90000 292138.00000 7441512.10000 4831.52908 82.05052 100.00000 2585 13 2978 2163.77271 2163.77271 add
25130019 366202 287352.90000 7440843.90000 292126.70000 7441534.60000 4823.50836 81.76726 101.00000 2585 14 2972 3.20000 3.20000 add
25130019 366202 287352.90000 7440843.90000 292115.30000 7441556.70000 4815.44781 81.48759 100.00000 2585 15 2966 3.20000 3.20000 add
25130019 366202 287352.90000 7440843.90000 292103.40000 7441578.80000 4807.00824 81.20608 100.00000 2585 16 2960 3.20000 3.20000 add
25130019 366202 287352.90000 7440843.90000 292090.90000 7441600.70000 4798.06109 80.92482 100.00000 2585 17 2954 3.20000 3.20000 add
25130019 366202 287352.90000 7440843.90000 292078.09000 7441622.00000 4788.82659 80.64899 100.00000 2585 18 2948 3.20000 3.20000 add
25130019 366202 287352.90000 7440843.90000 292064.70000 7441643.10000 4779.09823 80.37330 100.00000 2585 19 2942 3.40000 3.40000 add
25130019 366202 287352.90000 7440843.90000 292051.50000 7441664.50000 4769.71973 80.09334 100.00000 2581 20 2936 2143.09668 2143.09668 add
25130019 366202 287352.90000 7440843.90000 292038.59000 7441685.90000 4760.74099 79.81290 100.00000 2585 21 2930 2307.62891 2143.09668 add
25130019 366202 287352.90000 7440843.90000 292026.20000 7441707.70000 4752.46077 79.52780 100.00000 2585 22 2924 2139.16797 2139.16797 add
25130019 366202 287352.90000 7440843.90000 292014.50000 7441729.50000 4744.97649 79.24327 100.00000 2585 23 2918 2135.22412 2135.22412 add
25130019 366202 287352.90000 7440843.90000 292002.50000 7441751.70000 4737.39179 78.95240 100.00000 2585 24 2912 2132.55859 2132.55859 add
25130019 366202 287352.90000 7440843.90000 291990.00000 7441773.70000 4729.40001 78.66179 101.00000 2585 25 2906 2126.64087 2126.64087 add
25130019 366202 287352.90000 7440843.90000 291977.50000 7441795.50000 4721.48999 78.37259 100.00000 2585 26 2900 2120.78906 2120.78906 add
25130019 366202 287352.90000 7440843.90000 291965.40000 7441817.30000 4714.09205 78.08342 100.00000 2585 27 2894 3.20000 3.20000 add
25130019 366202 287352.90000 7440843.90000 291953.09000 7441839.10000 4706.60930 77.79282 100.00000 2584 28 2888 3.20000 3.20000 add
25130019 366202 287352.90000 7440843.90000 291940.50000 7441860.70000 4698.93137 77.50293 100.00000 2585 29 2882 3.40000 3.40000 add
25130019 366202 287352.90000 7440843.90000 291927.90000 7441882.40000 4691.38650 77.21089 100.00000 2585 30 2876 3.80000 3.80000 add
25130019 366202 287352.90000 7440843.90000 291914.90000 7441903.80000 4683.50638 76.92038 101.00000 2585 31 2870 2098.86328 2095.30664 add
25130019 366202 287352.90000 7440843.90000 291902.00000 7441925.40000 4675.89062 76.62680 100.00000 2588 32 2864 2095.30664 2095.30664 add
25130019 366202 287352.90000 7440843.90000 291889.20000 7441946.80000 4668.44793 76.33495 101.00000 2585 33 2858 2090.46094 2095.30664 add
25130019 366202 287352.90000 7440843.90000 291876.80000 7441968.50000 4661.58732 76.03977 100.00000 2585 34 2852 2248.37109 2245.31641 add
25130019 366202 287352.90000 7440843.90000 291864.30000 7441990.30000 4654.77850 75.74224 100.00000 2585 35 2846 2245.31641 2245.31641 add
25130019 366202 287352.90000 7440843.90000 291852.59000 7442012.30000 4648.91048 75.44391 100.00000 2585 36 2840 2242.52100 2242.52100 add
25130019 366202 287352.90000 7440843.90000 291840.00000 7442033.90000 4642.21568 75.14681 100.00000 2585 37 2834 2172.44141 2172.44141 add
25130019 366202 287352.90000 7440843.90000 291827.80000 7442055.70000 4636.07477 74.84775 100.00000 2585 38 2828 2169.10547 2169.10547 add
25130019 366202 287352.90000 7440843.90000 291815.50000 7442077.40000 4629.93747 74.54876 100.00000 2585 39 2822 2165.52734 2165.52734 add
25130019 366202 287352.90000 7440843.90000 291803.09000 7442099.10000 4623.82072 74.24861 100.00000 2585 40 2816 2162.57031 2162.57031 add
25130019 366202 287352.90000 7440843.90000 291790.40000 7442120.70000 4617.53446 73.94791 100.00000 2585 41 2810 2159.95679 2159.95679 add
25130019 366202 287352.90000 7440843.90000 291777.50000 7442142.30000 4611.17422 73.64566 101.00000 2585 42 2804 108.51948 142.77739 add
25130019 366202 287352.90000 7440843.90000 291764.20000 7442163.50000 4604.44479 73.34593 100.00000 2585 43 2798 142.77739 142.77739 add
25130019 366202 287352.90000 7440843.90000 291750.90000 7442184.80000 4597.87090 73.04413 100.00000 2585 44 2792 195.93353 171.51956 add
25130019 366202 287352.90000 7440843.90000 291737.80000 7442205.90000 4591.55660 72.74461 100.00000 2585 45 2786 171.51956 195.93353 add
25130019 366202 287352.90000 7440843.90000 291725.40000 7442227.70000 4586.24669 72.43857 100.00000 2585 46 2780 2112.46484 2110.71484 add
25130019 366202 287352.90000 7440843.90000 291713.80000 7442250.00000 4581.98276 72.12894 100.00000 2585 47 2774 2110.71484 2110.83203 add
25130019 366202 287352.90000 7440843.90000 291701.70000 7442272.00000 4577.28424 71.82037 100.00000 2585 48 2768 2110.83203 2110.71484 add
25130019 366202 287352.90000 7440843.90000 291689.50000 7442293.90000 4572.59221 71.51195 100.00000 2585 49 2762 2109.35547 2109.35547 add
25130019 366202 287352.90000 7440843.90000 291677.40000 7442316.00000 4568.19206 71.20095 101.00000 2585 50 2756 2107.34766 2107.34766 add
25130019 366202 287352.90000 7440843.90000 291665.09000 7442337.90000 4563.66285 70.89086 100.00000 2585 51 2750 2104.83203 2104.83203 add
25130019 366202 287352.90000 7440843.90000 291652.59000 7442359.60000 4559.02189 70.58174 100.00000 2585 52 2744 2102.93750 2102.93750 add
25130019 366202 287352.90000 7440843.90000 291640.20000 7442381.40000 4554.65120 70.27129 100.00000 2585 53 2738 2100.40625 2100.40625 add
25130019 366202 287352.90000 7440843.90000 291627.50000 7442402.90000 4550.02046 69.96246 100.00000 2585 54 2732 2098.37891 2098.37891 add
25130019 366202 287352.90000 7440843.90000 291614.50000 7442424.30000 4545.20613 69.65287 100.00000 2585 55 2726 2096.23047 2096.23047 add
25130019 366202 287352.90000 7440843.90000 291601.00000 7442445.40000 4539.95109 69.34396 100.00000 2585 56 2720 2095.01562 2095.01562 add
25130019 366202 287352.90000 7440843.90000 291588.09000 7442466.90000 4535.52239 69.03228 100.00000 2585 57 2714 2039.53516 2039.53516 add
25130019 366202 287352.90000 7440843.90000 291576.40000 7442489.20000 4532.65533 68.71618 100.00000 2585 58 2708 2036.74219 2039.53516 add
25130019 366202 287352.90000 7440843.90000 291564.80000 7442511.20000 4529.89966 68.40364 100.00000 2585 59 2702 2090.87891 2089.38672 add
25130019 366202 287352.90000 7440843.90000 291552.80000 7442533.10000 4526.87051 68.09001 100.00000 2585 60 2696 2089.38672 2089.38672 add
25130019 366202 287352.90000 7440843.90000 291540.59000 7442554.90000 4523.74497 67.77613 100.00000 2585 61 2690 3.20000 3.20000 add
25130019 366202 287352.90000 7440843.90000 291528.50000 7442576.60000 4520.82787 67.46359 100.00000 2585 62 2684 3.20000 3.20000 add
25130019 366202 287352.90000 7440843.90000 291516.09000 7442598.30000 4517.75058 67.14907 101.00000 2585 63 2678 3.20000 3.20000 add
25130019 366202 287352.90000 7440843.90000 291503.40000 7442620.10000 4514.59153 66.83157 101.00000 2585 64 2672 2033.53784 129.21869 add
25130019 366202 287352.90000 7440843.90000 291490.50000 7442641.60000 4511.25914 66.51607 100.00000 2585 65 2666 129.21869 129.21869 add
25130019 366202 287352.90000 7440843.90000 291477.40000 7442662.90000 4507.80005 66.20141 100.00000 2585 66 2660 109.75394 109.75394 add
25130019 366202 287352.90000 7440843.90000 291464.59000 7442684.20000 4504.74181 65.88778 100.00000 2585 67 2654 105.24994 105.24994 add
25130019 366202 287352.90000 7440843.90000 291451.50000 7442705.60000 4501.60514 65.57111 100.00000 2565 68 2648 104.41801 105.24994 add
25130019 366202 287352.90000 7440843.90000 291438.09000 7442727.00000 4498.31557 65.25229 100.00000 2585 69 2642 221.82425 166.26176 add
25130019 366202 287352.90000 7440843.90000 291425.09000 7442748.40000 4495.53686 64.93524 100.00000 2585 70 2636 166.26176 221.82425 add
25130019 366202 287352.90000 7440843.90000 291413.00000 7442770.30000 4493.93246 64.61701 100.00000 2585 71 2630 2024.30469 2023.80469 add
25130019 366202 287352.90000 7440843.90000 291401.40000 7442792.50000 4493.03842 64.29783 100.00000 2585 72 2624 2023.80469 2023.80469 add
25130019 366202 287352.90000 7440843.90000 291389.09000 7442814.20000 4491.42648 63.98030 100.00000 2585 73 2618 3.20000 3.20000 add
25130019 366202 287352.90000 7440843.90000 291376.50000 7442836.00000 4489.74603 63.65981 100.00000 2585 74 2612 3.20000 3.20000 add
25130019 366202 287352.90000 7440843.90000 291364.00000 7442857.80000 4488.28658 63.33961 100.00000 2585 75 2606 3.20000 3.20000 add
25130019 366202 287352.90000 7440843.90000 291351.50000 7442879.50000 4486.92203 63.02035 100.00000 2585 76 2600 2019.71484 2018.89062 add
25130019 366202 287352.90000 7440843.90000 291338.59000 7442901.00000 4485.24082 62.70077 100.00000 2585 77 2594 2018.89062 2018.89062 add
25130019 366202 287352.90000 7440843.90000 291325.40000 7442922.20000 4483.31207 62.38270 100.00000 2585 78 2588 2017.58984 2017.58984 add
25130019 366202 287352.90000 7440843.90000 291311.70000 7442943.10000 4480.93049 62.06471 100.00000 2585 79 2582 2016.19141 2016.19141 add
25130019 366202 287352.90000 7440843.90000 291297.59000 7442964.00000 4478.32594 61.74390 100.00000 2585 80 2576 150.42972 150.42972 add
25130019 366202 287352.90000 7440843.90000 291283.70000 7442984.60000 4475.91165 61.42744 100.00000 2585 81 2570 132.47658 132.47658 add
25130019 366202 287352.90000 7440843.90000 291270.59000 7443005.80000 4474.60686 61.10876 100.00000 2585 82 2564 118.84760 132.47658 add
25130019 366202 287352.90000 7440843.90000 291258.30000 7443027.70000 4474.49792 60.78719 100.00000 2585 83 2558 2020.82812 2020.53906 add
25130019 366202 287352.90000 7440843.90000 291246.50000 7443049.80000 4475.05483 60.46649 100.00000 2585 84 2552 2020.53906 2020.82812 add
25130019 366202 287352.90000 7440843.90000 291235.09000 7443072.20000 4476.23950 60.14503 100.00000 2585 85 2546 2128.53125 2075.85156 add
25130019 366202 287352.90000 7440843.90000 291223.59000 7443094.30000 4477.33640 59.82649 100.00000 2585 86 2540 2075.85156 2075.85156 add
25130019 366202 287352.90000 7440843.90000 291212.40000 7443116.90000 4479.09246 59.50462 100.00000 2585 87 2534 2072.83203 2072.83203 add
25130019 366202 287352.90000 7440843.90000 291200.90000 7443139.30000 4480.62107 59.18318 100.00000 2585 88 2528 2071.45312 2071.45312 add
25130019 366202 287352.90000 7440843.90000 291188.70000 7443161.30000 4481.48462 58.86171 100.00000 2585 89 2522 2071.26562 2071.26562 add
25130019 366202 287352.90000 7440843.90000 291176.30000 7443183.10000 4482.21421 58.54123 100.00000 2585 90 2516 2071.01172 2071.26562 add
25130019 366202 287352.90000 7440843.90000 291163.50000 7443204.80000 4482.69129 58.21925 101.00000 2585 91 2510 2088.82031 2087.57031 add
25130019 366202 287352.90000 7440843.90000 291150.59000 7443226.40000 4483.16357 57.89769 100.00000 2585 92 2504 2087.57031 2087.57031 add
25130019 366202 287352.90000 7440843.90000 291137.90000 7443247.90000 4483.90912 57.57879 100.00000 2585 93 2498 2086.97266 2086.97266 add
25130019 366202 287352.90000 7440843.90000 291126.20000 7443270.00000 4485.95075 57.26040 100.00000 2585 94 2492 2086.77344 2086.97266 add
25130019 366202 287352.90000 7440843.90000 291114.40000 7443292.00000 4487.99241 56.94268 100.00000 2585 95 2486 2086.97266 2086.97266 add
25130019 366202 287352.90000 7440843.90000 291103.20000 7443314.30000 4490.83803 56.62628 100.00000 2585 96 2480 2087.04297 2087.04297 add
25130019 366202 287352.90000 7440843.90000 291091.50000 7443336.40000 4493.29347 56.30887 100.00000 2585 97 2474 2088.05859 2088.05859 add
25130019 366202 287352.90000 7440843.90000 291079.50000 7443358.20000 4495.47017 55.99285 101.00000 2585 98 2468 2090.10938 2090.10938 add
25130019 366202 287352.90000 7440843.90000 291067.30000 7443380.20000 4497.73110 55.67361 101.00000 2585 99 2462 2090.14062 2090.10938 add
25130019 366202 287352.90000 7440843.90000 291054.70000 7443402.00000 4499.68875 55.35389 101.00000 2585 100 2456 2090.08203 2090.14062 add
25130019 366202 287352.90000 7440843.90000 291042.00000 7443423.60000 4501.58982 55.03582 101.00000 2585 101 2450 2091.30859 2090.08203 add
25130019 366202 287352.90000 7440843.90000 291029.20000 7443445.00000 4503.43235 54.71937 101.00000 2585 102 2444 2089.60156 2089.60156 add
25130019 366202 287352.90000 7440843.90000 291016.00000 7443466.50000 4505.14510 54.39919 101.00000 2585 103 2438 2088.70312 2088.70312 add
25130019 366202 287352.90000 7440843.90000 291002.70000 7443487.70000 4506.74145 54.08161 101.00000 2585 104 2432 2088.48047 2088.70312 add
25130019 366202 287352.90000 7440843.90000 290989.30000 7443508.80000 4508.33639 53.76454 101.00000 2585 105 2426 2089.24219 2089.24219 add
25130019 366202 287352.90000 7440843.90000 290976.50000 7443530.50000 4510.90861 53.44612 101.00000 2585 106 2420 2090.66797 2090.66797 add
25130019 366202 287352.90000 7440843.90000 290964.40000 7443552.20000 4514.18001 53.13340 101.00000 2585 107 2414 2092.92969 2092.92969 add
25130019 366202 287352.90000 7440843.90000 290952.59000 7443574.40000 4518.11889 52.81832 101.00000 2585 108 2408 2094.71875 2094.71875 add
25130019 366202 287352.90000 7440843.90000 290940.40000 7443596.40000 4521.77095 52.50287 101.00000 2585 109 2402 2096.21875 2096.21875 add
25130019 366202 287352.90000 7440843.90000 290927.90000 7443618.10000 4525.13101 52.18854 101.00000 2585 110 2396 2098.23828 2098.23828 add
25130019 366202 287352.90000 7440843.90000 290915.59000 7443639.90000 4528.83827 51.87517 101.00000 2585 111 2390 2100.65625 2100.65625 add
25130019 366202 287352.90000 7440843.90000 290903.20000 7443661.40000 4532.43161 51.56466 102.00000 2585 112 2384 2103.45703 2103.45703 add
25130019 366202 287352.90000 7440843.90000 290890.50000 7443683.10000 4536.04127 51.25024 101.00000 2585 113 2378 2105.27734 2105.27734 add
25130019 366202 287352.90000 7440843.90000 290877.70000 7443704.70000 4539.64665 50.93651 101.00000 2585 114 2372 2106.75000 2106.75000 add
25130019 366202 287352.90000 7440843.90000 290864.50000 7443726.00000 4542.88840 50.62301 101.00000 2585 115 2366 2107.72266 2107.72266 add
25130019 366202 287352.90000 7440843.90000 290851.20000 7443747.10000 4546.06128 50.31110 101.00000 2585 116 2360 2108.74219 2108.74219 add
25130019 366202 287352.90000 7440843.90000 290838.00000 7443768.30000 4549.50957 49.99948 101.00000 2585 117 2354 2108.95703 2108.95703 add
25130019 366202 287352.90000 7440843.90000 290825.00000 7443789.80000 4553.43883 49.68709 101.00000 2585 118 2348 2110.76562 2110.76562 add
25130019 366202 287352.90000 7440843.90000 290813.00000 7443811.80000 4558.58777 49.37867 101.00000 2585 119 2342 2111.78516 2111.78516 add
25130019 366202 287352.90000 7440843.90000 290801.40000 7443833.90000 4564.23622 49.07328 101.00000 2574 120 2336 2113.58594 2113.58594 add
25130019 366202 287352.90000 7440843.90000 290789.50000 7443856.00000 4569.78839 48.76619 101.00000 2585 121 2330 2115.30859 2115.30859 add
25130019 366202 287352.90000 7440843.90000 290777.50000 7443878.00000 4575.33037 48.45995 101.00000 2585 122 2324 2117.47266 2117.47266 add
25130019 366202 287352.90000 7440843.90000 290765.20000 7443900.10000 4580.84596 48.15103 101.00000 2585 123 2318 2118.96484 2118.96484 add
25130019 366202 287352.90000 7440843.90000 290753.09000 7443922.00000 4586.50102 47.84631 101.00000 2585 124 2312 2120.78125 2120.78125 add
25130019 366202 287352.90000 7440843.90000 290740.50000 7443943.80000 4591.86387 47.53922 101.00000 2585 125 2306 2123.09766 2123.09766 add
25130019 366202 287352.90000 7440843.90000 290727.90000 7443965.20000 4597.07937 47.23644 101.00000 2585 126 2300 2125.61328 2125.61328 add
25130019 366202 287352.90000 7440843.90000 290715.09000 7443986.80000 4602.40611 46.93074 101.00000 2585 127 2294 2161.74219 2161.74219 add
25130019 366202 287352.90000 7440843.90000 290702.09000 7444008.10000 4607.51943 46.62685 101.00000 2585 128 2288 2163.72266 2163.72266 add
25130019 366202 287352.90000 7440843.90000 290689.20000 7444029.60000 4612.97975 46.32279 101.00000 2585 129 2282 2165.62891 2165.62891 add
25130019 366202 287352.90000 7440843.90000 290676.30000 7444051.00000 4618.49304 46.02026 101.00000 2585 130 2276 2167.54688 2167.54688 add
25130019 366202 287352.90000 7440843.90000 290663.50000 7444072.50000 4624.27619 45.71844 102.00000 2585 131 2270 2169.68359 2169.68359 add
25130019 366202 287352.90000 7440843.90000 290651.00000 7444094.30000 4630.61160 45.41734 102.00000 2585 132 2264 2172.06250 2172.06250 add
25130019 366202 287352.90000 7440843.90000 290638.70000 7444116.00000 4637.14568 45.11970 102.00000 2585 133 2258 2174.48828 2174.48828 add
25130019 366202 287352.90000 7440843.90000 290626.30000 7444137.90000 4643.87592 44.82028 102.00000 2585 134 2252 2176.72266 2174.48828 add
25130019 366202 287352.90000 7440843.90000 290614.00000 7444159.90000 4650.87403 44.52175 102.00000 2585 135 2246 134.92972 2176.72266 add
25130019 366202 287352.90000 7440843.90000 290601.20000 7444181.40000 4657.29097 44.22402 102.00000 2585 136 2240 2181.13281 2181.13281 add
25130019 366202 287352.90000 7440843.90000 290588.50000 7444203.00000 4663.97472 43.92714 102.00000 2585 137 2234 2183.64453 2183.64453 add
25130019 366202 287352.90000 7440843.90000 290576.00000 7444224.40000 4670.77658 43.63459 102.00000 2585 138 2228 2186.14062 2186.14062 add
25130019 366202 287352.90000 7440843.90000 290563.20000 7444246.00000 4677.63942 43.33854 102.00000 2585 139 2222 2188.53955 2186.14062 add
25130019 366202 287352.90000 7440843.90000 290550.30000 7444267.70000 4684.63160 43.04164 102.00000 2585 140 2216 3.40000 3.40000 add
25130019 366202 287352.90000 7440843.90000 290537.50000 7444289.20000 4691.67020 42.74818 102.00000 2585 141 2210 3.20000 3.40000 add
25130019 366202 287352.90000 7440843.90000 290524.70000 7444310.70000 4698.83150 42.45562 102.00000 2585 142 2204 2194.44922 2194.44922 add
25130019 366202 287352.90000 7440843.90000 290511.90000 7444332.30000 4706.18907 42.16313 102.00000 2585 143 2198 2194.76953 2194.76953 add
25130019 366202 287352.90000 7440843.90000 290499.20000 7444353.90000 4713.73564 41.87247 102.00000 2585 144 2192 2233.27344 2233.27344 add
25130019 366202 287352.90000 7440843.90000 290487.20000 7444375.90000 4722.16693 41.58588 102.00000 2585 145 2186 2236.33203 2236.33203 add
25130019 366202 287352.90000 7440843.90000 290475.09000 7444397.80000 4730.56821 41.30011 102.00000 2585 146 2180 2239.42188 2239.42188 add
25130019 366202 287352.90000 7440843.90000 290462.70000 7444419.60000 4738.82755 41.01361 102.00000 2585 147 2174 2241.43359 2241.43359 add
25130019 366202 287352.90000 7440843.90000 290450.50000 7444441.70000 4747.55628 40.72748 102.00000 2585 148 2168 2243.12500 2241.43359 add
25130019 366202 287352.90000 7440843.90000 290438.20000 7444463.50000 4756.10978 40.44384 102.00000 2585 149 2162 2208.45703 2210.30859 add
25130019 366202 287352.90000 7440843.90000 290425.70000 7444485.10000 4764.49759 40.16094 102.00000 2585 150 2156 2210.30859 2210.30859 add
25130019 366202 287352.90000 7440843.90000 290412.80000 7444506.60000 4772.66794 39.87612 102.00000 2585 151 2150 2211.86719 2211.86719 add
25130019 366202 287352.90000 7440843.90000 290399.90000 7444528.10000 4780.95583 39.59229 102.00000 2521 152 2144 2215.68750 2215.68750 add
25130019 366202 287352.90000 7440843.90000 290386.80000 7444549.70000 4789.31131 39.30683 102.00000 2585 153 2138 2218.44922 2218.44922 add
25130019 366202 287352.90000 7440843.90000 290373.80000 7444571.20000 4797.77053 39.02406 102.00000 2585 154 2132 2259.77344 2259.77344 add
25130019 366202 287352.90000 7440843.90000 290360.70000 7444592.70000 4806.28362 38.74135 102.00000 2585 155 2126 2262.71094 2262.71094 add
25130019 366202 287352.90000 7440843.90000 290348.40000 7444614.50000 4815.64581 38.46489 102.00000 2585 156 2120 2265.93359 2265.93359 add
25130019 366202 287352.90000 7440843.90000 290336.40000 7444636.70000 4825.61956 38.18937 102.00000 2585 157 2114 2295.12500 2265.93359 add
25130019 366202 287352.90000 7440843.90000 290324.30000 7444658.30000 4835.16963 37.91843 102.00000 2585 158 2108 2232.57422 2232.57422 add
25130019 366202 287352.90000 7440843.90000 290311.90000 7444680.30000 4844.96088 37.64286 103.00000 2585 159 2102 101.69135 138.01949 add
25130019 366202 287352.90000 7440843.90000 290299.70000 7444702.30000 4854.98515 37.37028 103.00000 2585 160 2096 138.01949 138.01949 add
25130019 366202 287352.90000 7440843.90000 290287.50000 7444724.30000 4865.11884 37.09884 103.00000 2585 161 2090 145.44135 145.44135 add
25130019 366202 287352.90000 7440843.90000 290275.20000 7444745.90000 4874.98116 36.83041 103.00000 2585 162 2084 163.66409 163.66409 add
25130019 366202 287352.90000 7440843.90000 290262.40000 7444767.40000 4884.57189 36.55905 103.00000 2585 163 2078 2249.40625 2249.40625 add
25130019 366202 287352.90000 7440843.90000 290249.50000 7444788.70000 4894.05135 36.28921 103.00000 2585 164 2072 2252.69531 2252.69531 add
25130019 366202 287352.90000 7440843.90000 290236.09000 7444810.20000 4903.50082 36.01422 103.00000 2585 165 2066 2256.19141 2256.19141 add
25130019 366202 287352.90000 7440843.90000 290222.90000 7444831.50000 4913.02898 35.74374 103.00000 2585 166 2060 2259.58203 2259.58203 add
25130019 366202 287352.90000 7440843.90000 290210.80000 7444853.40000 4923.78743 35.48059 103.00000 2585 167 2054 2263.47266 2263.47266 add
25130019 366202 287352.90000 7440843.90000 290199.20000 7444875.60000 4935.18273 35.22133 103.00000 2585 168 2048 2367.24414 2367.24414 add
25130019 366202 287352.90000 7440843.90000 290187.90000 7444898.00000 4947.01443 34.96479 103.00000 2585 169 2042 2369.16797 2367.24414 add
25130019 366202 287352.90000 7440843.90000 290176.40000 7444920.20000 4958.66655 34.70889 103.00000 2585 170 2036 2358.83594 2362.47266 add
25130019 366202 287352.90000 7440843.90000 290164.80000 7444942.00000 4970.03071 34.45586 103.00000 2585 171 2030 2362.47266 2358.83594 add
25130019 366202 287352.90000 7440843.90000 290152.59000 7444964.00000 4981.31389 34.19689 103.00000 2585 172 2024 106.91800 115.21489 add
25130019 366202 287352.90000 7440843.90000 290140.00000 7444985.70000 4992.23734 33.93740 103.00000 2585 173 2018 115.21489 115.21489 add
25130019 366202 287352.90000 7440843.90000 290127.50000 7445007.50000 5003.39586 33.67927 103.00000 2585 174 2012 149.66409 115.21489 add
25130019 366202 287352.90000 7440843.90000 290115.00000 7445029.20000 5014.57202 33.42292 103.00000 2585 175 2006 101.46489 149.66409 add
25130019 366202 287352.90000 7440843.90000 290102.50000 7445050.90000 5025.84810 33.16772 103.00000 2585 176 2000 2296.43750 2296.43750 add
25130019 366202 287352.90000 7440843.90000 290089.90000 7445072.60000 5037.16911 32.91271 103.00000 2585 177 1994 2301.15625 2301.15625 add
25130019 366202 287352.90000 7440843.90000 290077.09000 7445094.40000 5048.56033 32.65624 103.00000 2585 178 1988 2302.27490 2301.15625 add
25130019 366202 287352.90000 7440843.90000 290064.40000 7445115.80000 5059.77884 32.40449 103.00000 2585 179 1982 3.80000 3.80000 add
25130019 366202 287352.90000 7440843.90000 290051.90000 7445137.70000 5071.61902 32.15268 103.00000 2585 180 1976 3.60000 3.80000 add
25130019 366202 287352.90000 7440843.90000 290039.20000 7445159.40000 5083.28122 31.90132 103.00000 2585 181 1970 16.60001 4.20000 add
25130019 366202 287352.90000 7440843.90000 290026.50000 7445181.10000 5095.04080 31.65112 103.00000 2585 182 1964 4.20000 16.60001 add
25130019 366202 287352.90000 7440843.90000 290014.00000 7445203.00000 5107.17202 31.40282 103.00000 2585 183 1958 2321.69922 2321.69922 add
25130019 366202 287352.90000 7440843.90000 290001.50000 7445224.80000 5119.31312 31.15628 103.00000 2585 184 1952 2325.70703 2325.70703 add
25130019 366202 287352.90000 7440843.90000 289989.40000 7445246.80000 5131.92563 30.91359 103.00000 2585 185 1946 2330.76611 2325.70703 add
25130019 366202 287352.90000 7440843.90000 289976.90000 7445268.60000 5144.25370 30.66941 103.00000 2585 186 1940 83.56635 132.28510 add
25130019 366202 287352.90000 7440843.90000 289964.50000 7445290.20000 5156.55294 30.42848 103.00000 2585 187 1934 132.28510 126.15228 add
25130019 366202 287352.90000 7440843.90000 289952.00000 7445312.00000 5169.06553 30.18662 103.00000 2585 188 1928 126.15228 132.28510 add
25130019 366202 287352.90000 7440843.90000 289939.09000 7445333.40000 5181.11851 29.94422 103.00000 2585 189 1922 2346.74609 2346.74609 add
25130019 366202 287352.90000 7440843.90000 289926.30000 7445355.10000 5193.58383 29.70246 103.00000 2585 190 1916 2351.51172 2351.51172 add
25130019 366202 287352.90000 7440843.90000 289913.90000 7445376.90000 5206.42008 29.46506 103.00000 2585 191 1910 2355.51953 2351.51172 add
25130019 366202 287352.90000 7440843.90000 289902.09000 7445398.80000 5219.72065 29.23394 103.00000 2585 192 1904 3.00000 3.40000 add
25130019 366202 287352.90000 7440843.90000 289889.80000 7445420.60000 5232.78554 28.99994 103.00000 2585 193 1898 3.40000 3.40000 add
25130019 366202 287352.90000 7440843.90000 289877.40000 7445442.20000 5245.70902 28.76710 103.00000 2585 194 1892 3.40000 3.40000 add
25130019 366202 287352.90000 7440843.90000 289864.90000 7445464.00000 5258.84664 28.53342 103.00000 2585 195 1886 3.20000 3.20000 add
25130019 366202 287352.90000 7440843.90000 289852.40000 7445485.70000 5271.98326 28.30142 103.00000 2585 196 1880 3.20000 3.20000 add
25130019 366202 287352.90000 7440843.90000 289839.80000 7445507.30000 5285.07059 28.07013 102.00000 2585 197 1874 3.40000 3.40000 add
25130019 366202 287352.90000 7440843.90000 289827.30000 7445528.90000 5298.29032 27.84094 102.00000 2585 198 1868 2376.38672 2370.10718 add
25130019 366202 287352.90000 7440843.90000 289814.50000 7445550.30000 5311.27814 27.61103 102.00000 2585 199 1862 2370.10718 2372.76978 add
25130019 366202 287352.90000 7440843.90000 289801.70000 7445571.70000 5324.35107 27.38224 102.00000 2585 200 1856 2372.76978 2372.76978 add
25130019 366202 287352.90000 7440843.90000 289788.90000 7445593.10000 5337.50847 27.15458 102.00000 2585 201 1850 2375.75391 2372.76978 add
25130019 366202 287352.90000 7440843.90000 289776.00000 7445614.80000 5350.97191 26.92563 102.00000 2585 202 1844 112.67963 124.75394 add
25130019 366202 287352.90000 7440843.90000 289763.40000 7445636.40000 5364.56583 26.70118 102.00000 2585 203 1838 124.75394 124.75394 add
25130019 366202 287352.90000 7440843.90000 289750.00000 7445657.30000 5377.25841 26.47356 102.00000 2585 204 1832 129.19144 124.75394 add
25130019 366202 287352.90000 7440843.90000 289735.90000 7445678.30000 5389.81561 26.23987 103.00000 2585 205 1826 102.11723 129.19144 add
25130019 366202 287352.90000 7440843.90000 289722.40000 7445699.50000 5402.90492 26.01206 102.00000 2585 206 1820 151.80855 119.72260 add
25130019 366202 287352.90000 7440843.90000 289710.59000 7445721.90000 5417.89499 25.79593 102.00000 2585 207 1814 119.72260 151.80855 add
25130019 366202 287352.90000 7440843.90000 289699.80000 7445744.60000 5433.67280 25.58933 102.00000 2585 208 1808 2391.64453 119.72260 add
25130019 366202 287352.90000 7440843.90000 289688.70000 7445767.00000 5449.11692 25.38234 102.00000 2585 209 1802 3.20000 3.20000 add
25130019 366202 287352.90000 7440843.90000 289676.90000 7445789.10000 5464.06250 25.17121 102.00000 2585 210 1796 3.20000 3.20000 add
25130019 366202 287352.90000 7440843.90000 289664.70000 7445810.90000 5478.64109 24.95877 102.00000 2585 211 1790 3.40000 3.20000 add
25130019 366202 287352.90000 7440843.90000 289652.00000 7445832.50000 5492.90367 24.74360 102.00000 2585 212 1784 3.20000 3.20000 add
25130019 366202 287352.90000 7440843.90000 289638.90000 7445854.00000 5506.98629 24.52619 102.00000 2585 213 1778 3.00000 3.20000 add
25130019 366202 287352.90000 7440843.90000 289626.30000 7445875.60000 5521.44478 24.31419 102.00000 2585 214 1772 3.20000 3.00000 add
25130019 366202 287352.90000 7440843.90000 289613.90000 7445897.40000 5536.24270 24.10435 101.00000 2585 215 1766 3.00000 3.20000 add
25130019 366202 287352.90000 7440843.90000 289601.20000 7445919.20000 5550.99297 23.89280 101.00000 2585 216 1760 80.33988 80.33988 add
25130019 366202 287352.90000 7440843.90000 289588.70000 7445940.80000 5565.71570 23.68508 101.00000 2585 217 1754 87.43364 87.43364 add
25130019 366202 287352.90000 7440843.90000 289576.20000 7445962.50000 5580.60291 23.47806 101.00000 2585 218 1748 98.27348 97.25385 add
25130019 366202 287352.90000 7440843.90000 289563.50000 7445984.00000 5595.29985 23.27106 101.00000 2585 219 1742 97.25385 98.27348 add
25130019 366202 287352.90000 7440843.90000 289550.70000 7446005.60000 5610.12226 23.06382 101.00000 2585 220 1736 105.15229 97.25385 add
25130019 366202 287352.90000 7440843.90000 289537.80000 7446027.30000 5625.07098 22.85633 101.00000 2585 221 1730 88.64838 88.64838 add
25130019 366202 287352.90000 7440843.90000 289525.00000 7446048.70000 5639.85474 22.65206 101.00000 2585 222 1724 61.44525 61.44525 add
25130019 366202 287352.90000 7440843.90000 289512.20000 7446070.30000 5654.89465 22.44809 101.00000 2555 223 1718 28.09379 28.09379 add
25130019 366202 287352.90000 7440843.90000 289499.20000 7446091.50000 5669.55990 22.24486 101.00000 2585 224 1712 13.00000 13.00000 add
25130019 366202 287352.90000 7440843.90000 289486.20000 7446113.20000 5684.75957 22.04079 101.00000 2585 225 1706 3.40000 3.40000 add
25130019 366202 287352.90000 7440843.90000 289473.50000 7446134.80000 5700.04975 21.84098 101.00000 2585 226 1700 3.20000 3.20000 add
25130019 366202 287352.90000 7440843.90000 289461.70000 7446156.70000 5716.01971 21.64952 101.00000 2585 227 1694 3.00000 3.20000 add
25130019 366202 287352.90000 7440843.90000 289449.30000 7446178.50000 5731.74058 21.45392 101.00000 2585 228 1688 11.60000 11.60000 add
25130019 366202 287352.90000 7440843.90000 289436.70000 7446200.00000 5747.17580 21.25861 101.00000 2585 229 1682 517.32428 66.56635 add
25130019 366202 287352.90000 7440843.90000 289424.00000 7446221.50000 5762.64149 21.06342 101.00000 2585 230 1676 66.56635 101.77737 add
25130019 366202 287352.90000 7440843.90000 289411.50000 7446243.40000 5778.61871 20.86972 101.00000 2585 231 1670 101.77737 101.77737 add
25130019 366202 287352.90000 7440843.90000 289399.30000 7446265.20000 5794.67399 20.68022 101.00000 2585 232 1664 110.12494 110.12494 add
25130019 366202 287352.90000 7440843.90000 289386.90000 7446287.00000 5810.72230 20.48992 101.00000 2585 233 1658 122.32026 122.32026 add
25130019 366202 287352.90000 7440843.90000 289374.70000 7446308.90000 5826.99753 20.30217 101.00000 2585 234 1652 131.88286 131.88286 add
25130019 366202 287352.90000 7440843.90000 289362.09000 7446330.80000 5843.19400 20.11169 101.00000 2535 235 1646 142.00786 131.88286 add
25130019 366202 287352.90000 7440843.90000 289349.20000 7446352.10000 5858.79518 19.92170 101.00000 2585 236 1640 54.20316 63.00385 add
25130019 366202 287352.90000 7440843.90000 289336.20000 7446373.30000 5874.32917 19.73203 100.00000 2585 237 1634 63.00385 54.20316 add
25130019 366202 287352.90000 7440843.90000 289324.80000 7446395.60000 5891.49917 19.55445 100.00000 2585 238 1628 34.50786 34.50786 add
25130019 366202 287352.90000 7440843.90000 289316.40000 7446419.20000 5910.94767 19.40116 100.00000 2585 239 1622 4.60000 4.60000 add
25130019 366202 287352.90000 7440843.90000 289310.40000 7446443.40000 5931.79623 19.26885 100.00000 2585 240 1616 2.80000 2.80000 add
